1.000000000000000000e+00 2.286236854138088629e-04 9.087517261505126953e-01 4.571428571428571338e-04
1.000000000000000000e+00 4.572473708276177259e-04 8.992210030555725098e-01 9.140767824497257740e-04
1.000000000000000000e+00 6.858710562414265617e-04 8.863291144371032715e-01 1.370801919122686865e-03
1.000000000000000000e+00 9.144947416552354517e-04 8.754968047142028809e-01 1.827318410232983085e-03
1.000000000000000000e+00 1.143118427069044450e-03 8.681643009185791016e-01 2.283626398721169334e-03
1.000000000000000000e+00 1.371742112482853123e-03 8.657837510108947754e-01 2.739726027397260295e-03
1.000000000000000000e+00 1.600365797896662013e-03 8.628884553909301758e-01 3.195617438940881027e-03
1.000000000000000000e+00 1.828989483310470903e-03 8.548387289047241211e-01 3.651300775901414851e-03
1.000000000000000000e+00 2.057613168724280010e-03 8.495203852653503418e-01 4.106776180698152104e-03
1.000000000000000000e+00 2.286236854138088900e-03 8.426127433776855469e-01 4.562043795620438456e-03
1.000000000000000000e+00 2.514860539551897790e-03 8.378956317901611328e-01 5.017103762827821931e-03
1.000000000000000000e+00 2.743484224965706247e-03 8.351474404335021973e-01 5.471956224350205122e-03
1.000000000000000000e+00 2.972107910379515137e-03 8.346692919731140137e-01 5.926601322087986581e-03
1.000000000000000000e+00 3.200731595793324027e-03 8.303980827331542969e-01 6.381039197812215201e-03
1.000000000000000000e+00 3.429355281207132917e-03 8.301525712013244629e-01 6.835269993164729864e-03
1.000000000000000000e+00 3.657978966620941807e-03 8.236858248710632324e-01 7.289293849658314700e-03
9.411764705882352811e-01 3.657978966620941807e-03 8.190070986747741699e-01 7.287633796401730979e-03
8.888888888888888395e-01 3.657978966620941807e-03 8.170434236526489258e-01 7.285974499089253181e-03
8.947368421052631637e-01 3.886602652034750697e-03 8.119183778762817383e-01 7.739585704529932872e-03
9.000000000000000222e-01 4.115226337448560021e-03 8.075248003005981445e-01 8.192990441511152980e-03
9.047619047619047672e-01 4.343850022862368911e-03 7.994001507759094238e-01 8.646188850967009495e-03
9.090909090909090606e-01 4.572473708276177801e-03 7.988028526306152344e-01 9.099181073703367650e-03
9.130434782608695121e-01 4.801097393689986691e-03 7.987330555915832520e-01 9.551967250397998960e-03
9.166666666666666297e-01 5.029721079103795581e-03 7.968136668205261230e-01 1.000454752160072694e-02
9.200000000000000400e-01 5.258344764517603603e-03 7.963635921478271484e-01 1.045692202773357456e-02
9.230769230769231282e-01 5.486968449931412493e-03 7.829456925392150879e-01 1.090909090909090821e-02
9.259259259259259300e-01 5.715592135345221383e-03 7.805667519569396973e-01 1.136105430583957999e-02
9.285714285714286031e-01 5.944215820759030273e-03 7.789097428321838379e-01 1.181281235801908205e-02
9.310344827586206629e-01 6.172839506172839164e-03 7.701156139373779297e-01 1.226436520554167672e-02
9.333333333333333481e-01 6.401463191586648054e-03 7.648116946220397949e-01 1.271571298819255090e-02
9.032258064516128782e-01 6.401463191586648054e-03 7.619449496269226074e-01 1.271282633371169021e-02
9.062500000000000000e-01 6.630086877000456944e-03 7.447678446769714355e-01 1.316386745347253653e-02
9.090909090909090606e-01 6.858710562414265834e-03 7.442690730094909668e-01 1.361470388019060500e-02
9.117647058823529216e-01 7.087334247828074724e-03 7.308685183525085449e-01 1.406533575317604409e-02
9.142857142857142572e-01 7.315957933241883614e-03 7.288302183151245117e-01 1.451576321161261035e-02
9.166666666666666297e-01 7.544581618655692504e-03 7.282328605651855469e-01 1.496598639455782101e-02
9.189189189189189699e-01 7.773205304069501394e-03 7.198695540428161621e-01 1.541600544094309452e-02
8.947368421052631637e-01 7.773205304069501394e-03 7.193657159805297852e-01 1.541251133272891934e-02
8.974358974358974672e-01 8.001828989483310284e-03 7.124739289283752441e-01 1.586222524359845801e-02
9.000000000000000222e-01 8.230452674897120041e-03 7.069509029388427734e-01 1.631173538740371756e-02
9.024390243902439268e-01 8.459076360310928064e-03 7.042677998542785645e-01 1.676104190260475565e-02
9.047619047619047672e-01 8.687700045724737821e-03 6.916787624359130859e-01 1.721014492753623198e-02
9.069767441860464574e-01 8.916323731138545844e-03 6.843206286430358887e-01 1.765904460040751411e-02
9.090909090909090606e-01 9.144947416552355601e-03 6.799510121345520020e-01 1.810774105930285441e-02
8.888888888888888395e-01 9.144947416552355601e-03 6.793763041496276855e-01 1.810364335822584395e-02
8.913043478260869179e-01 9.373571101966163624e-03 6.776134967803955078e-01 1.855203619909502263e-02
8.936170212765957022e-01 9.602194787379973381e-03 6.755506396293640137e-01 1.900022619316896547e-02
8.958333333333333703e-01 9.830818472793781404e-03 6.721379756927490234e-01 1.944821347806422254e-02
8.775510204081632404e-01 9.830818472793781404e-03 6.700302958488464355e-01 1.944381641419850801e-02
8.800000000000000044e-01 1.005944215820759116e-02 6.623442173004150391e-01 1.989150090415913244e-02
8.823529411764705621e-01 1.028806584362139918e-02 6.600794792175292969e-01 2.033898305084745617e-02
8.846153846153845812e-01 1.051668952903520721e-02 6.567211747169494629e-01 2.078626299141436706e-02
8.867924528301887044e-01 1.074531321444901696e-02 6.349300146102905273e-01 2.123334086288683129e-02
8.703703703703703498e-01 1.074531321444901696e-02 6.298674941062927246e-01 2.122854561878952107e-02
8.727272727272726849e-01 1.097393689986282499e-02 5.900399088859558105e-01 2.167532174305712364e-02
8.750000000000000000e-01 1.120256058527663474e-02 5.779422521591186523e-01 2.212189616252821858e-02
8.771929824561403022e-01 1.143118427069044277e-02 5.628088116645812988e-01 2.256826901376664252e-02
8.793103448275861878e-01 1.165980795610425252e-02 5.408015847206115723e-01 2.301444043321299385e-02
8.813559322033898136e-01 1.188843164151806055e-02 5.215197205543518066e-01 2.346041055718474724e-02
8.666666666666666963e-01 1.188843164151806055e-02 5.124002695083618164e-01 2.345511953089760362e-02
8.524590163934425702e-01 1.188843164151806055e-02 4.832870662212371826e-01 2.344983089064261311e-02
8.387096774193548709e-01 1.188843164151806055e-02 4.805307686328887939e-01 2.344454463480612899e-02
8.253968253968253510e-01 1.188843164151806055e-02 4.665679633617401123e-01 2.343926076177596865e-02
8.281250000000000000e-01 1.211705532693187030e-02 4.605343937873840332e-01 2.388463271744029059e-02
8.153846153846153744e-01 1.211705532693187030e-02 4.484920799732208252e-01 2.387925208380265937e-02
8.181818181818182323e-01 1.234567901234567833e-02 4.447079896926879883e-01 2.432432432432432221e-02
8.059701492537313383e-01 1.234567901234567833e-02 4.444037675857543945e-01 2.431884710650753997e-02
7.941176470588234837e-01 1.234567901234567833e-02 4.337022602558135986e-01 2.431337235479514094e-02
7.971014492753623060e-01 1.257430269775948808e-02 4.293611347675323486e-01 2.475804636506864775e-02
7.857142857142856984e-01 1.257430269775948808e-02 4.233708083629608154e-01 2.475247524752475364e-02
7.746478873239436291e-01 1.257430269775948808e-02 4.174487888813018799e-01 2.474690663667041338e-02
7.777777777777777901e-01 1.280292638317329611e-02 3.963804841041564941e-01 2.519118308591992636e-02
7.671232876712328341e-01 1.280292638317329611e-02 3.876333832740783691e-01 2.518551832696199616e-02
7.567567567567567988e-01 1.280292638317329611e-02 3.829626441001892090e-01 2.517985611510791324e-02
7.466666666666667007e-01 1.280292638317329611e-02 3.821270465850830078e-01 2.517419644864014525e-02
7.368421052631578538e-01 1.280292638317329611e-02 3.076365888118743896e-01 2.516853932584269329e-02
7.272727272727272929e-01 1.280292638317329611e-02 2.999703586101531982e-01 2.516288474500112324e-02
7.179487179487179516e-01 1.280292638317329611e-02 2.971745133399963379e-01 2.515723270440251708e-02
7.088607594936708889e-01 1.280292638317329611e-02 2.857093811035156250e-01 2.515158320233550071e-02
7.125000000000000222e-01 1.303155006858710586e-02 2.784932255744934082e-01 2.559497081275258559e-02
7.037037037037037202e-01 1.303155006858710586e-02 2.619516253471374512e-01 2.558922558922559209e-02
7.073170731707316694e-01 1.326017375400091389e-02 2.467160969972610474e-01 2.603231597845601444e-02
6.987951807228915957e-01 1.326017375400091389e-02 2.451600134372711182e-01 2.602647520753870181e-02
6.904761904761904656e-01 1.326017375400091389e-02 2.257580161094665527e-01 2.602063705697621812e-02
6.823529411764706065e-01 1.326017375400091389e-02 2.213340103626251221e-01 2.601480152500560208e-02
6.744186046511627675e-01 1.326017375400091389e-02 2.169094532728195190e-01 2.600896860986546752e-02
6.666666666666666297e-01 1.326017375400091389e-02 2.153386175632476807e-01 2.600313830979600685e-02
6.590909090909090606e-01 1.326017375400091389e-02 2.109257429838180542e-01 2.599731062303899110e-02
6.516853932584270037e-01 1.326017375400091389e-02 2.057012468576431274e-01 2.599148554783777681e-02
6.444444444444444864e-01 1.326017375400091389e-02 2.013869136571884155e-01 2.598566308243727488e-02
6.373626373626373187e-01 1.326017375400091389e-02 1.785283386707305908e-01 2.597984322508398169e-02
6.304347826086956763e-01 1.326017375400091389e-02 1.701851785182952881e-01 2.597402597402596880e-02
6.236559139784946248e-01 1.326017375400091389e-02 1.700186580419540405e-01 2.596821132751287245e-02
6.170212765957446832e-01 1.326017375400091389e-02 1.699681431055068970e-01 2.596239928379587975e-02
6.105263157894736947e-01 1.326017375400091389e-02 1.638188362121582031e-01 2.595658984112776679e-02
6.041666666666666297e-01 1.326017375400091389e-02 1.569755077362060547e-01 2.595078299776285707e-02
5.979381443298968923e-01 1.326017375400091389e-02 1.564459055662155151e-01 2.594497875195705613e-02
5.918367346938775420e-01 1.326017375400091389e-02 1.535254269838333130e-01 2.593917710196779608e-02
5.858585858585858563e-01 1.326017375400091389e-02 1.432625800371170044e-01 2.593337804605409802e-02
5.799999999999999600e-01 1.326017375400091389e-02 1.395451277494430542e-01 2.592758158247653044e-02
5.742574257425742124e-01 1.326017375400091389e-02 1.365485489368438721e-01 2.592178770949720573e-02
5.686274509803921351e-01 1.326017375400091389e-02 1.362933069467544556e-01 2.591599642537980100e-02
5.631067961165048263e-01 1.326017375400091389e-02 1.310668736696243286e-01 2.591020772838954073e-02
5.576923076923077094e-01 1.326017375400091389e-02 1.282990425825119019e-01 2.590442161679321065e-02
5.523809523809524169e-01 1.326017375400091389e-02 1.275649219751358032e-01 2.589863808885911611e-02
5.471698113207547065e-01 1.326017375400091389e-02 1.246800273656845093e-01 2.589285714285713760e-02
5.420560747663550893e-01 1.326017375400091389e-02 1.224821358919143677e-01 2.588707877705869256e-02
5.462962962962962798e-01 1.348879743941472364e-02 1.213332563638687134e-01 2.632753235162873726e-02
5.412844036697247452e-01 1.348879743941472364e-02 1.201895400881767273e-01 2.632165960294445897e-02
5.363636363636363757e-01 1.348879743941472364e-02 1.175263822078704834e-01 2.631578947368421600e-02
5.315315315315315425e-01 1.348879743941472364e-02 1.120468303561210632e-01 2.630992196209587866e-02
5.267857142857143016e-01 1.348879743941472364e-02 1.045377999544143677e-01 2.630405706642889585e-02
5.221238938053097689e-01 1.348879743941472364e-02 1.042376756668090820e-01 2.629819478493425691e-02
5.175438596491228616e-01 1.348879743941472364e-02 1.034331619739532471e-01 2.629233511586452979e-02
