64
233 -3 243 7
65 -2 75 8
191 -1 201 9
220 3 230 13
227 5 237 15
38 6 48 16
216 9 226 19
228 10 238 20
58 17 68 27
163 21 173 31
129 30 139 40
55 32 65 42
160 34 170 44
30 35 40 45
84 39 94 49
18 43 28 53
37 46 47 56
57 46 67 56
213 52 223 62
12 60 22 70
6 61 16 71
117 61 127 71
208 69 218 79
173 71 183 81
49 75 59 85
165 75 175 85
105 76 115 86
196 77 206 87
72 80 82 90
177 82 187 92
72 85 82 95
140 87 150 97
87 88 97 98
79 91 89 101
116 96 126 106
110 97 120 107
192 99 202 109
23 105 33 115
201 107 211 117
165 108 175 118
16 109 26 119
107 111 117 121
82 117 92 127
33 127 43 137
44 127 54 137
136 129 146 139
94 132 104 142
35 135 45 145
204 136 214 146
21 140 31 150
18 145 28 155
227 145 237 155
143 147 153 157
85 153 95 163
193 155 203 165
0 159 10 169
82 163 92 173
122 163 132 173
210 170 220 180
92 177 102 187
164 184 174 194
7 185 17 195
0 192 10 202
80 193 90 203
