70
10 -4 20 6
24 0 34 10
126 1 136 11
178 1 188 11
76 2 86 12
32 9 42 19
-3 14 7 24
66 18 76 28
38 19 48 29
102 20 112 30
21 47 31 57
85 48 95 58
230 48 240 58
228 50 238 60
31 52 41 62
241 55 251 65
216 57 226 67
29 60 39 70
145 62 155 72
230 62 240 72
-1 64 9 74
-4 67 6 77
118 67 128 77
132 68 142 78
170 74 180 84
67 75 77 85
71 80 81 90
225 81 235 91
63 82 73 92
193 88 203 98
65 95 75 105
20 98 30 108
159 99 169 109
243 101 253 111
215 103 225 113
8 118 18 128
57 118 67 128
34 121 44 131
100 121 110 131
171 122 181 132
82 123 92 133
61 125 71 135
182 125 192 135
56 128 66 138
203 133 213 143
240 137 250 147
44 139 54 149
25 144 35 154
46 150 56 160
59 155 69 165
167 155 177 165
26 157 36 167
94 157 104 167
79 160 89 170
14 163 24 173
110 164 120 174
152 167 162 177
142 168 152 178
105 172 115 182
51 178 61 188
15 179 25 189
200 180 210 190
222 180 232 190
164 182 174 192
51 183 61 193
147 185 157 195
79 187 89 197
192 190 202 200
124 191 134 201
175 193 185 203
