46
0 -4 10 6
185 2 195 12
169 6 179 16
183 19 193 29
158 24 168 34
185 24 195 34
210 29 220 39
170 30 180 40
202 31 212 41
204 33 214 43
220 34 230 44
20 47 30 57
175 49 185 59
96 65 106 75
102 70 112 80
109 77 119 87
149 89 159 99
162 92 172 102
122 93 132 103
152 93 162 103
67 99 77 109
194 103 204 113
142 107 152 117
180 110 190 120
11 111 21 121
85 117 95 127
229 122 239 132
100 125 110 135
142 125 152 135
191 129 201 139
234 133 244 143
107 136 117 146
32 139 42 149
42 139 52 149
102 139 112 149
232 139 242 149
190 140 200 150
99 145 109 155
211 146 221 156
156 153 166 163
176 164 186 174
226 169 236 179
34 172 44 182
145 182 155 192
68 188 78 198
142 193 152 203
