88
65 -4 75 6
188 -4 198 6
128 -3 138 7
156 -1 166 9
34 1 44 11
75 3 85 13
30 4 40 14
65 5 75 15
127 6 137 16
217 9 227 19
124 10 134 20
66 13 76 23
55 20 65 30
58 22 68 32
65 25 75 35
118 26 128 36
217 30 227 40
30 31 40 41
216 32 226 42
-3 34 7 44
186 38 196 48
159 40 169 50
116 41 126 51
0 43 10 53
221 47 231 57
11 48 21 58
85 50 95 60
142 51 152 61
65 53 75 63
243 57 253 67
189 58 199 68
212 60 222 70
46 63 56 73
14 65 24 75
115 70 125 80
123 80 133 90
239 82 249 92
33 84 43 94
64 84 74 94
178 85 188 95
230 87 240 97
216 89 226 99
66 95 76 105
77 97 87 107
11 104 21 114
92 105 102 115
7 110 17 120
220 110 230 120
134 111 144 121
144 111 154 121
83 114 93 124
-2 116 8 126
208 120 218 130
169 122 179 132
152 124 162 134
75 125 85 135
217 125 227 135
216 126 226 136
131 127 141 137
125 131 135 141
151 136 161 146
30 137 40 147
84 139 94 149
208 141 218 151
151 145 161 155
83 146 93 156
144 147 154 157
227 147 237 157
160 148 170 158
17 152 27 162
128 156 138 166
147 160 157 170
38 162 48 172
8 166 18 176
190 168 200 178
131 169 141 179
-2 170 8 180
193 174 203 184
145 177 155 187
201 181 211 191
52 182 62 192
225 182 235 192
66 186 76 196
91 186 101 196
110 189 120 199
86 190 96 200
64 191 74 201
45 193 55 203
