70
17 -1 27 9
136 -1 146 9
8 1 18 11
7 2 17 12
12 9 22 19
8 11 18 21
142 12 152 22
164 13 174 23
110 16 120 26
135 17 145 27
210 18 220 28
230 23 240 33
24 27 34 37
147 28 157 38
17 29 27 39
77 30 87 40
-3 43 7 53
104 48 114 58
50 53 60 63
0 54 10 64
220 54 230 64
147 59 157 69
83 64 93 74
225 65 235 75
49 68 59 78
1 72 11 82
231 76 241 86
136 77 146 87
33 84 43 94
40 95 50 105
86 99 96 109
216 100 226 110
16 104 26 114
-4 107 6 117
103 109 113 119
63 111 73 121
134 121 144 131
168 121 178 131
146 122 156 132
70 125 80 135
213 125 223 135
95 126 105 136
116 130 126 140
35 134 45 144
184 136 194 146
196 136 206 146
188 140 198 150
45 142 55 152
232 145 242 155
111 148 121 158
143 150 153 160
8 152 18 162
-2 156 8 166
11 157 21 167
106 159 116 169
66 160 76 170
22 162 32 172
172 163 182 173
182 173 192 183
166 176 176 186
149 177 159 187
71 178 81 188
78 180 88 190
-3 182 7 192
244 182 254 192
12 184 22 194
233 188 243 198
110 189 120 199
180 190 190 200
94 191 104 201
