96
125 -1 135 9
39 0 49 10
40 0 50 10
55 1 65 11
138 3 148 13
189 4 199 14
98 7 108 17
218 9 228 19
81 11 91 21
10 13 20 23
148 13 158 23
239 13 249 23
82 21 92 31
156 22 166 32
162 24 172 34
152 31 162 41
21 32 31 42
190 34 200 44
61 37 71 47
130 38 140 48
241 38 251 48
230 40 240 50
79 44 89 54
42 49 52 59
61 50 71 60
185 51 195 61
194 51 204 61
231 51 241 61
220 61 230 71
-1 63 9 73
171 65 181 75
23 69 33 79
90 75 100 85
241 75 251 85
217 76 227 86
-4 78 6 88
-4 79 6 89
81 79 91 89
208 84 218 94
86 86 96 96
135 86 145 96
127 87 137 97
180 87 190 97
89 90 99 100
126 92 136 102
112 94 122 104
203 94 213 104
150 96 160 106
45 97 55 107
80 98 90 108
66 99 76 109
83 101 93 111
99 104 109 114
229 104 239 114
15 106 25 116
213 118 223 128
128 122 138 132
238 122 248 132
232 123 242 133
6 124 16 134
76 130 86 140
163 132 173 142
86 136 96 146
151 136 161 146
188 136 198 146
13 139 23 149
62 139 72 149
170 139 180 149
183 139 193 149
153 140 163 150
98 142 108 152
120 147 130 157
6 153 16 163
167 156 177 166
54 158 64 168
34 163 44 173
13 165 23 175
199 166 209 176
6 168 16 178
82 169 92 179
137 172 147 182
174 174 184 184
187 177 197 187
18 179 28 189
34 179 44 189
199 180 209 190
-5 185 5 195
115 185 125 195
136 187 146 197
97 188 107 198
187 188 197 198
28 190 38 200
174 191 184 201
3 194 13 204
9 194 19 204
151 194 161 204
