64
11 -5 21 5
57 -2 67 8
1 -1 11 9
8 3 18 13
51 9 61 19
82 13 92 23
233 15 243 25
61 17 71 27
156 17 166 27
64 19 74 29
101 19 111 29
181 23 191 33
143 29 153 39
4 31 14 41
121 32 131 42
185 32 195 42
85 38 95 48
55 41 65 51
3 54 13 64
72 55 82 65
219 58 229 68
229 58 239 68
66 64 76 74
36 67 46 77
214 77 224 87
207 78 217 88
231 83 241 93
139 89 149 99
75 95 85 105
120 98 130 108
0 102 10 112
218 103 228 113
76 105 86 115
45 108 55 118
146 110 156 120
167 111 177 121
233 115 243 125
77 116 87 126
198 116 208 126
21 124 31 134
183 128 193 138
243 128 253 138
171 130 181 140
4 131 14 141
134 134 144 144
223 139 233 149
169 142 179 152
177 143 187 153
181 143 191 153
230 147 240 157
226 151 236 161
102 157 112 167
205 157 215 167
39 158 49 168
168 173 178 183
205 173 215 183
28 176 38 186
153 176 163 186
179 179 189 189
33 184 43 194
236 185 246 195
213 187 223 197
140 189 150 199
95 193 105 203
