66
60 7 70 17
111 17 121 27
198 20 208 30
182 22 192 32
109 23 119 33
208 27 218 37
192 30 202 40
120 39 130 49
226 43 236 53
188 44 198 54
131 54 141 64
153 54 163 64
55 60 65 70
50 64 60 74
162 66 172 76
66 69 76 79
89 71 99 81
147 73 157 83
223 76 233 86
199 78 209 88
241 82 251 92
96 83 106 93
37 85 47 95
85 88 95 98
106 88 116 98
213 90 223 100
153 91 163 101
131 92 141 102
32 93 42 103
28 97 38 107
178 103 188 113
183 104 193 114
37 115 47 125
79 116 89 126
150 117 160 127
80 121 90 131
122 121 132 131
26 123 36 133
13 125 23 135
232 125 242 135
196 134 206 144
109 137 119 147
115 140 125 150
-2 141 8 151
168 147 178 157
228 147 238 157
135 149 145 159
145 150 155 160
52 153 62 163
209 153 219 163
32 156 42 166
146 157 156 167
182 157 192 167
194 157 204 167
211 160 221 170
109 163 119 173
46 165 56 175
105 165 115 175
93 166 103 176
107 169 117 179
159 169 169 179
108 171 118 181
158 177 168 187
22 179 32 189
220 179 230 189
10 192 20 202
