68
111 -4 121 6
53 -3 63 7
105 -3 115 7
171 -2 181 8
26 -1 36 9
175 -1 185 9
-4 7 6 17
152 10 162 20
35 11 45 21
131 16 141 26
155 18 165 28
220 19 230 29
81 20 91 30
75 22 85 32
113 24 123 34
211 24 221 34
90 25 100 35
110 25 120 35
3 28 13 38
108 34 118 44
113 34 123 44
222 38 232 48
188 43 198 53
97 44 107 54
104 46 114 56
99 53 109 63
183 58 193 68
42 60 52 70
202 67 212 77
239 67 249 77
159 69 169 79
0 70 10 80
129 73 139 83
16 76 26 86
223 77 233 87
75 79 85 89
86 80 96 90
229 80 239 90
240 86 250 96
178 91 188 101
142 92 152 102
120 93 130 103
40 99 50 109
105 102 115 112
121 104 131 114
194 110 204 120
93 118 103 128
81 120 91 130
156 121 166 131
150 122 160 132
53 127 63 137
194 135 204 145
130 141 140 151
172 143 182 153
152 151 162 161
166 153 176 163
85 154 95 164
109 159 119 169
218 160 228 170
139 162 149 172
181 163 191 173
135 171 145 181
170 177 180 187
32 178 42 188
17 180 27 190
221 180 231 190
110 181 120 191
132 183 142 193
