92
229 -5 239 5
85 -3 95 7
152 -2 162 8
65 1 75 11
22 4 32 14
193 7 203 17
163 12 173 22
49 13 59 23
44 14 54 24
101 16 111 26
233 16 243 26
142 19 152 29
222 19 232 29
176 27 186 37
163 30 173 40
42 32 52 42
81 32 91 42
109 33 119 43
6 35 16 45
104 36 114 46
150 37 160 47
215 37 225 47
53 39 63 49
-2 41 8 51
214 44 224 54
159 46 169 56
16 48 26 58
172 48 182 58
204 48 214 58
17 51 27 61
171 51 181 61
215 52 225 62
87 53 97 63
172 58 182 68
168 60 178 70
131 62 141 72
144 64 154 74
224 69 234 79
153 76 163 86
138 79 148 89
106 80 116 90
124 88 134 98
13 90 23 100
64 92 74 102
141 96 151 106
133 97 143 107
222 97 232 107
115 101 125 111
128 102 138 112
97 103 107 113
182 105 192 115
186 108 196 118
124 109 134 119
63 112 73 122
238 116 248 126
57 119 67 129
222 119 232 129
142 123 152 133
204 123 214 133
225 123 235 133
211 126 221 136
188 127 198 137
4 128 14 138
204 132 214 142
155 135 165 145
113 140 123 150
98 149 108 159
198 150 208 160
22 153 32 163
132 154 142 164
135 158 145 168
162 158 172 168
195 159 205 169
123 161 133 171
145 161 155 171
51 164 61 174
71 164 81 174
75 172 85 182
103 174 113 184
35 175 45 185
47 175 57 185
168 175 178 185
177 179 187 189
184 180 194 190
189 180 199 190
68 183 78 193
91 184 101 194
2 188 12 198
223 192 233 202
241 192 251 202
3 193 13 203
196 194 206 204
