56
56 0 66 10
70 10 80 20
238 10 248 20
69 13 79 23
241 17 251 27
114 21 124 31
27 29 37 39
155 39 165 49
97 40 107 50
189 44 199 54
220 44 230 54
227 50 237 60
73 60 83 70
108 65 118 75
9 70 19 80
138 74 148 84
119 79 129 89
41 88 51 98
20 96 30 106
219 96 229 106
186 98 196 108
-3 99 7 109
30 101 40 111
67 103 77 113
25 109 35 119
29 111 39 121
99 113 109 123
57 116 67 126
52 117 62 127
58 117 68 127
48 119 58 129
112 119 122 129
130 121 140 131
71 123 81 133
40 133 50 143
22 134 32 144
76 141 86 151
118 142 128 152
83 144 93 154
131 144 141 154
137 145 147 155
187 145 197 155
234 145 244 155
53 147 63 157
198 153 208 163
52 159 62 169
197 159 207 169
243 166 253 176
86 170 96 180
50 173 60 183
53 174 63 184
165 178 175 188
24 180 34 190
125 189 135 199
116 191 126 201
162 193 172 203
