78
36 -5 46 5
149 -1 159 9
64 2 74 12
62 3 72 13
40 8 50 18
149 10 159 20
142 14 152 24
108 15 118 25
163 18 173 28
55 19 65 29
50 22 60 32
189 22 199 32
130 23 140 33
13 24 23 34
237 27 247 37
68 28 78 38
214 30 224 40
117 33 127 43
143 36 153 46
182 38 192 48
128 39 138 49
2 42 12 52
12 43 22 53
90 43 100 53
-4 45 6 55
86 45 96 55
3 48 13 58
214 49 224 59
129 50 139 60
52 53 62 63
149 60 159 70
101 61 111 71
99 68 109 78
104 71 114 81
166 73 176 83
113 75 123 85
115 77 125 87
50 78 60 88
160 79 170 89
101 84 111 94
138 84 148 94
5 94 15 104
91 95 101 105
106 97 116 107
182 98 192 108
153 101 163 111
152 103 162 113
157 105 167 115
172 111 182 121
34 114 44 124
108 114 118 124
235 118 245 128
88 128 98 138
48 130 58 140
211 131 221 141
30 137 40 147
9 149 19 159
204 150 214 160
126 151 136 161
25 152 35 162
122 154 132 164
85 162 95 172
216 162 226 172
116 167 126 177
154 169 164 179
164 169 174 179
196 169 206 179
157 173 167 183
108 174 118 184
157 174 167 184
208 176 218 186
237 178 247 188
230 181 240 191
78 186 88 196
42 187 52 197
26 189 36 199
145 191 155 201
29 193 39 203
