56
130 -2 140 8
134 -2 144 8
54 0 64 10
235 5 245 15
106 7 116 17
123 9 133 19
181 10 191 20
23 13 33 23
12 16 22 26
190 20 200 30
202 24 212 34
105 25 115 35
17 33 27 43
122 41 132 51
133 50 143 60
56 53 66 63
45 55 55 65
55 56 65 66
168 58 178 68
85 64 95 74
75 72 85 82
134 74 144 84
158 74 168 84
147 76 157 86
190 80 200 90
152 86 162 96
68 90 78 100
184 99 194 109
79 101 89 111
17 102 27 112
219 102 229 112
163 106 173 116
65 107 75 117
154 113 164 123
42 120 52 130
227 125 237 135
164 132 174 142
153 135 163 145
131 136 141 146
72 147 82 157
31 151 41 161
99 156 109 166
189 156 199 166
1 158 11 168
122 158 132 168
66 159 76 169
214 162 224 172
205 164 215 174
91 165 101 175
106 167 116 177
244 170 254 180
177 176 187 186
73 179 83 189
55 182 65 192
191 182 201 192
208 182 218 192
