38
106 3 116 13
11 13 21 23
35 13 45 23
25 15 35 25
25 40 35 50
27 40 37 50
53 41 63 51
118 43 128 53
216 51 226 61
179 52 189 62
58 54 68 64
51 63 61 73
50 71 60 81
86 75 96 85
172 79 182 89
92 89 102 99
120 100 130 110
138 103 148 113
188 106 198 116
174 109 184 119
45 111 55 121
238 118 248 128
147 128 157 138
106 133 116 143
121 133 131 143
71 137 81 147
83 142 93 152
158 144 168 154
181 150 191 160
61 151 71 161
36 153 46 163
216 167 226 177
68 169 78 179
19 171 29 181
58 176 68 186
159 187 169 197
105 189 115 199
192 193 202 203
