40
194 -4 204 6
226 -3 236 7
68 9 78 19
180 9 190 19
155 12 165 22
127 13 137 23
15 24 25 34
27 29 37 39
-2 33 8 43
240 60 250 70
96 70 106 80
147 71 157 81
228 71 238 81
231 74 241 84
-2 77 8 87
242 78 252 88
-5 79 5 89
215 79 225 89
1 88 11 98
23 92 33 102
172 93 182 103
94 97 104 107
156 105 166 115
162 107 172 117
217 118 227 128
16 128 26 138
50 136 60 146
208 142 218 152
196 144 206 154
63 145 73 155
11 146 21 156
88 146 98 156
239 152 249 162
238 157 248 167
177 165 187 175
13 169 23 179
239 173 249 183
85 181 95 191
211 185 221 195
158 186 168 196
