62
37 -1 47 9
182 -1 192 9
182 1 192 11
44 18 54 28
236 19 246 29
133 27 143 37
166 28 176 38
183 30 193 40
76 36 86 46
89 39 99 49
137 40 147 50
41 41 51 51
86 41 96 51
22 44 32 54
192 51 202 61
193 58 203 68
196 60 206 70
101 61 111 71
70 62 80 72
164 62 174 72
204 69 214 79
175 71 185 81
101 75 111 85
17 76 27 86
217 78 227 88
105 82 115 92
226 85 236 95
240 88 250 98
141 89 151 99
210 93 220 103
178 97 188 107
87 100 97 110
239 106 249 116
35 109 45 119
140 113 150 123
152 113 162 123
201 113 211 123
26 115 36 125
225 126 235 136
232 127 242 137
36 132 46 142
125 132 135 142
228 134 238 144
167 138 177 148
53 142 63 152
-5 145 5 155
159 145 169 155
49 155 59 165
8 158 18 168
38 162 48 172
58 162 68 172
84 162 94 172
207 164 217 174
59 170 69 180
196 172 206 182
232 179 242 189
55 183 65 193
148 183 158 193
236 184 246 194
111 185 121 195
229 192 239 202
36 193 46 203
