78
70 -3 80 7
224 -1 234 9
137 7 147 17
15 8 25 18
26 8 36 18
229 9 239 19
216 10 226 20
62 13 72 23
89 16 99 26
175 18 185 28
111 22 121 32
130 23 140 33
220 24 230 34
192 31 202 41
-1 35 9 45
6 35 16 45
169 37 179 47
142 38 152 48
158 38 168 48
219 41 229 51
216 42 226 52
214 43 224 53
213 46 223 56
78 54 88 64
39 55 49 65
44 56 54 66
146 57 156 67
162 59 172 69
194 60 204 70
4 63 14 73
13 63 23 73
163 63 173 73
47 65 57 75
8 69 18 79
54 69 64 79
124 74 134 84
232 76 242 86
222 77 232 87
43 78 53 88
104 78 114 88
11 79 21 89
152 83 162 93
240 84 250 94
31 90 41 100
162 90 172 100
159 92 169 102
226 95 236 105
177 96 187 106
64 98 74 108
69 101 79 111
205 106 215 116
217 107 227 117
210 109 220 119
210 110 220 120
119 113 129 123
89 114 99 124
225 114 235 124
18 117 28 127
40 118 50 128
59 123 69 133
149 129 159 139
161 131 171 141
34 133 44 143
69 133 79 143
79 136 89 146
118 136 128 146
207 138 217 148
68 140 78 150
186 148 196 158
85 163 95 173
128 165 138 175
197 168 207 178
-3 173 7 183
-5 174 5 184
224 178 234 188
2 185 12 195
102 191 112 201
145 193 155 203
