98
186 -5 196 5
205 -5 215 5
185 -4 195 6
190 -3 200 7
86 -2 96 8
0 1 10 11
45 2 55 12
211 2 221 12
13 3 23 13
240 4 250 14
81 7 91 17
221 7 231 17
57 11 67 21
130 16 140 26
9 17 19 27
10 17 20 27
76 18 86 28
140 18 150 28
163 24 173 34
14 27 24 37
-3 29 7 39
240 29 250 39
202 30 212 40
238 35 248 45
36 40 46 50
136 41 146 51
233 41 243 51
0 45 10 55
160 45 170 55
178 50 188 60
69 51 79 61
230 54 240 64
44 56 54 66
189 56 199 66
208 56 218 66
138 57 148 67
112 59 122 69
227 61 237 71
97 62 107 72
175 62 185 72
148 64 158 74
229 65 239 75
184 67 194 77
203 67 213 77
174 68 184 78
44 72 54 82
112 80 122 90
183 82 193 92
-4 83 6 93
66 83 76 93
91 86 101 96
25 87 35 97
208 88 218 98
56 90 66 100
199 90 209 100
109 92 119 102
241 97 251 107
21 98 31 108
98 99 108 109
91 102 101 112
107 102 117 112
109 102 119 112
68 103 78 113
194 108 204 118
167 110 177 120
179 111 189 121
55 115 65 125
231 116 241 126
0 129 10 139
110 133 120 143
243 135 253 145
168 138 178 148
171 138 181 148
60 139 70 149
3 140 13 150
108 140 118 150
55 141 65 151
206 141 216 151
124 142 134 152
56 143 66 153
73 146 83 156
143 147 153 157
83 149 93 159
212 149 222 159
181 157 191 167
56 158 66 168
8 162 18 172
12 162 22 172
178 168 188 178
121 169 131 179
131 173 141 183
156 173 166 183
48 175 58 185
239 180 249 190
85 182 95 192
22 190 32 200
27 190 37 200
86 192 96 202
